4d370fd73a8dbf27.jpg,401,2538,530,2645
4d370fd73a8dbf27.jpg,423,2235,523,2449
4d370fd73a8dbf27.jpg,3575,1722,3704,1981
4d370fd73a8dbf27.jpg,4158,1752,4287,2010
4d370fd73a8dbf27.jpg,4899,1962,5016,2265
4d370fd73a8dbf27.jpg,4972,2645,5079,2726
39c12032fe25d372.jpg,1180,1838,1291,2115
39c12032fe25d372.jpg,1586,1977,1698,2245
39c12032fe25d372.jpg,2150,2880,2208,2956
39c12032fe25d372.jpg,2176,2688,2235,2818
39c12032fe25d372.jpg,3343,2912,3432,2965
39c12032fe25d372.jpg,3415,2742,3464,2853
39c12032fe25d372.jpg,4036,2178,4125,2335
39c12032fe25d372.jpg,4912,2845,4997,2921
39c12032fe25d372.jpg,5846,2661,5927,2818
06b48a4819a57d05.jpg,822,0,1367,1095
06b48a4819a57d05.jpg,1105,2268,1537,2589
06b48a4819a57d05.jpg,1898,2479,2194,2589
2ddd67e11b32b141.jpg,85,1504,115,1575
2ddd67e11b32b141.jpg,330,1690,355,1715
2ddd67e11b32b141.jpg,727,1565,766,1715
2ddd67e11b32b141.jpg,803,1636,827,1715
2ddd67e11b32b141.jpg,1224,1494,1253,1599
2ddd67e11b32b141.jpg,1270,1538,1310,1656
2ddd67e11b32b141.jpg,1870,901,1946,1102
2ddd67e11b32b141.jpg,2042,1484,2076,1580
2ddd67e11b32b141.jpg,2828,975,2916,1178
2ddd67e11b32b141.jpg,3724,1274,3795,1433
2ddd67e11b32b141.jpg,3724,1455,3800,1519
09f1b64d90ded241.jpg,687,917,716,937
09f1b64d90ded241.jpg,692,925,717,942
09f1b64d90ded241.jpg,855,799,927,828
09f1b64d90ded241.jpg,1062,619,1172,679
09f1b64d90ded241.jpg,1273,123,1443,376
09f1b64d90ded241.jpg,1763,775,1823,818
0c3dbdc9ab122cc5.jpg,311,787,399,1017
0c3dbdc9ab122cc5.jpg,462,777,566,1015
0c3dbdc9ab122cc5.jpg,510,800,595,990
0c3dbdc9ab122cc5.jpg,554,1115,602,1192
0c3dbdc9ab122cc5.jpg,1822,992,1870,1104
0c3dbdc9ab122cc5.jpg,1841,1023,1900,1107
0c3dbdc9ab122cc5.jpg,1900,984,1952,1111
1903bf55a5a3a276.jpg,321,437,370,526
1903bf55a5a3a276.jpg,675,468,723,558
1903bf55a5a3a276.jpg,1117,653,1154,740
1903bf55a5a3a276.jpg,1119,760,1154,793
1903bf55a5a3a276.jpg,1562,610,1601,704
1903bf55a5a3a276.jpg,1629,608,1675,702
93e119b4ef1570dd.jpg,172,49,365,484
93e119b4ef1570dd.jpg,385,1098,766,1590
93e119b4ef1570dd.jpg,468,1098,863,1494
93e119b4ef1570dd.jpg,680,1819,796,1925
93e119b4ef1570dd.jpg,733,1540,843,1789
93e119b4ef1570dd.jpg,889,1812,959,1912
93e119b4ef1570dd.jpg,3389,1258,3482,1490
93e119b4ef1570dd.jpg,4335,1796,4408,1872
93e119b4ef1570dd.jpg,4342,1626,4415,1742
08c2332b93bcf351.jpg,547,494,1099,1995
08c2332b93bcf351.jpg,975,2384,1033,2527
08c2332b93bcf351.jpg,984,2217,1036,2358
08c2332b93bcf351.jpg,1046,2384,1099,2527
08c2332b93bcf351.jpg,1281,1735,1449,2266
08c2332b93bcf351.jpg,1511,1185,1679,1671
08c2332b93bcf351.jpg,1524,1743,1692,2274
0d6bd146c5a29787.jpg,70,108,142,264
0d6bd146c5a29787.jpg,287,486,352,581
0d6bd146c5a29787.jpg,381,498,461,577
00066af7b52f505c.jpg,40,117,96,231
00066af7b52f505c.jpg,286,504,326,544
226d6098088463b8.jpg,3,670,52,723
226d6098088463b8.jpg,12,549,47,628
226d6098088463b8.jpg,318,691,364,718
226d6098088463b8.jpg,327,535,375,654
226d6098088463b8.jpg,412,559,437,593
226d6098088463b8.jpg,570,0,657,136
226d6098088463b8.jpg,1870,111,2017,417
226d6098088463b8.jpg,1880,468,1999,576
226d6098088463b8.jpg,1972,494,2041,605
9ffbce0d1e0ae4f9.jpg,394,479,404,507
9ffbce0d1e0ae4f9.jpg,459,477,471,509
9ffbce0d1e0ae4f9.jpg,519,509,527,530
9ffbce0d1e0ae4f9.jpg,572,509,581,534
9ffbce0d1e0ae4f9.jpg,841,498,852,525
9ffbce0d1e0ae4f9.jpg,861,498,874,522
0328bf8dd46ae6a7.jpg,1423,1531,1522,1630
0328bf8dd46ae6a7.jpg,1546,1536,1626,1625
0328bf8dd46ae6a7.jpg,2690,383,2956,589
0328bf8dd46ae6a7.jpg,2878,415,3138,614
95c9771ae24291b1.jpg,390,846,429,928
95c9771ae24291b1.jpg,450,835,486,923
95c9771ae24291b1.jpg,705,717,787,748
95c9771ae24291b1.jpg,771,930,789,980
95c9771ae24291b1.jpg,797,932,817,975
95c9771ae24291b1.jpg,928,710,1010,744
95c9771ae24291b1.jpg,1004,830,1051,851
95c9771ae24291b1.jpg,1196,818,1243,833
95c9771ae24291b1.jpg,1331,654,1416,684
95c9771ae24291b1.jpg,1545,923,1566,969
95c9771ae24291b1.jpg,1546,654,1641,686
95c9771ae24291b1.jpg,1795,814,1841,910
95c9771ae24291b1.jpg,1837,803,1861,905
95c9771ae24291b1.jpg,1879,794,1925,894
3018b29990a6851b.jpg,421,1987,548,2262
3018b29990a6851b.jpg,529,2028,625,2262
3018b29990a6851b.jpg,2088,2129,2165,2234
3018b29990a6851b.jpg,2106,2209,2140,2262
3018b29990a6851b.jpg,2112,1269,2208,1547
3018b29990a6851b.jpg,2845,1316,2941,1562
3018b29990a6851b.jpg,3560,2003,3705,2234
3018b29990a6851b.jpg,3615,1448,3754,1645
3018b29990a6851b.jpg,3705,1969,3794,2216
3018b29990a6851b.jpg,3868,2098,3923,2216
3018b29990a6851b.jpg,3982,2142,4037,2209
3018b29990a6851b.jpg,4176,2003,4247,2197
3018b29990a6851b.jpg,4290,1978,4404,2197
09bc9122ef5bd258.jpg,1836,1020,1887,1103
09bc9122ef5bd258.jpg,1980,179,2088,452
09bc9122ef5bd258.jpg,2107,199,2195,461
09bc9122ef5bd258.jpg,2115,159,2203,420
09bc9122ef5bd258.jpg,2415,1170,2443,1213
09bc9122ef5bd258.jpg,2629,1162,2645,1248
09bc9122ef5bd258.jpg,2768,1058,2807,1099
09bc9122ef5bd258.jpg,2807,1054,2835,1095
09bc9122ef5bd258.jpg,3237,1044,3261,1126
0e4ccac7b898e41a.jpg,48,74,217,129
03a5ebf32f8d32a9.jpg,390,468,571,902
03a5ebf32f8d32a9.jpg,1075,1211,1121,1349
495ba6845338e7dc.jpg,1302,1502,1390,1680
495ba6845338e7dc.jpg,2072,1492,2140,1685
495ba6845338e7dc.jpg,2462,2267,2480,2292
495ba6845338e7dc.jpg,2810,1757,2867,2087
495ba6845338e7dc.jpg,2930,1952,3007,2092
495ba6845338e7dc.jpg,3312,312,3612,755
2c887bd9879fb521.jpg,232,1419,2992,4416
4f492b113aaaa730.jpg,766,586,1198,991
4f492b113aaaa730.jpg,1098,0,1375,481
4f492b113aaaa730.jpg,1362,0,1704,612
4f492b113aaaa730.jpg,1469,756,1616,1048
0379d0a6b0d1d3f9.jpg,1770,624,2229,1340
0379d0a6b0d1d3f9.jpg,2270,665,2452,1230
0379d0a6b0d1d3f9.jpg,2572,2311,2643,2445
0379d0a6b0d1d3f9.jpg,2925,1678,3074,1919
1500c4d2c0655361.jpg,30,55,43,95
1500c4d2c0655361.jpg,91,57,105,91
1500c4d2c0655361.jpg,159,72,171,106
1500c4d2c0655361.jpg,727,76,754,91
1500c4d2c0655361.jpg,804,70,836,86
1500c4d2c0655361.jpg,861,40,878,75
8eef274dec4101c8.jpg,1968,2239,2043,2412
8eef274dec4101c8.jpg,2303,2239,2378,2412
8eef274dec4101c8.jpg,2435,2735,2459,2783
8eef274dec4101c8.jpg,2482,2807,2500,2834
8eef274dec4101c8.jpg,2533,2729,2566,2777
8eef274dec4101c8.jpg,2542,2807,2557,2834
8eef274dec4101c8.jpg,2605,2801,2623,2834
8eef274dec4101c8.jpg,2638,2738,2665,2786
8eef274dec4101c8.jpg,2671,2807,2680,2840
8eef274dec4101c8.jpg,2689,2248,2770,2421
8eef274dec4101c8.jpg,2746,2738,2761,2786
8eef274dec4101c8.jpg,2850,2753,2868,2795
8eef274dec4101c8.jpg,3078,2257,3162,2445
3cc415e4174fef46.jpg,704,1663,743,1711
3cc415e4174fef46.jpg,708,1550,754,1636
3cc415e4174fef46.jpg,1862,1615,1881,1650
3cc415e4174fef46.jpg,1873,1310,1918,1429
3cc415e4174fef46.jpg,2250,1531,2286,1592
3cc415e4174fef46.jpg,2250,1648,2286,1696
7c5dcaccabcaa5b8.jpg,987,1374,1053,1559
7c5dcaccabcaa5b8.jpg,1057,1390,1133,1582
7c5dcaccabcaa5b8.jpg,3230,1502,3280,1643
02c94cd095f74b11.jpg,2591,2794,2778,3312
02c94cd095f74b11.jpg,4215,1447,4522,2145
02c94cd095f74b11.jpg,4215,1226,4736,2209
02c94cd095f74b11.jpg,4413,1549,4567,2186
407e32a89584ecb2.jpg,917,1157,998,1378
407e32a89584ecb2.jpg,961,1428,1042,1518
407e32a89584ecb2.jpg,2647,420,2787,742
407e32a89584ecb2.jpg,3219,315,3363,683
4b37f9626e327328.jpg,458,787,471,808
4b37f9626e327328.jpg,891,677,907,724
4b37f9626e327328.jpg,907,677,920,704
4b37f9626e327328.jpg,957,690,980,733
4b37f9626e327328.jpg,1001,698,1020,740
4b37f9626e327328.jpg,1142,683,1168,730
4b37f9626e327328.jpg,1200,677,1219,724
4b37f9626e327328.jpg,1375,698,1398,738
01e4eb5fa4c0bb42.jpg,37,450,57,533
01e4eb5fa4c0bb42.jpg,124,531,146,579
01e4eb5fa4c0bb42.jpg,256,558,266,594
01e4eb5fa4c0bb42.jpg,539,543,556,582
01e4eb5fa4c0bb42.jpg,554,477,593,545
01e4eb5fa4c0bb42.jpg,680,327,706,450
01e4eb5fa4c0bb42.jpg,709,198,777,396
01e4eb5fa4c0bb42.jpg,775,330,806,450
01e4eb5fa4c0bb42.jpg,816,21,918,333
01e4eb5fa4c0bb42.jpg,921,0,1043,201
01e4eb5fa4c0bb42.jpg,1500,443,1548,558
03da786fb548ddbc.jpg,207,1698,228,1752
03da786fb548ddbc.jpg,481,1744,494,1783
03da786fb548ddbc.jpg,991,1722,1004,1761
03da786fb548ddbc.jpg,1049,1726,1067,1765
03da786fb548ddbc.jpg,1101,1722,1118,1770
03da786fb548ddbc.jpg,1602,661,1704,933
03da786fb548ddbc.jpg,2164,719,2272,1011
2ed4c1e66632b105.jpg,20,0,116,203
2ed4c1e66632b105.jpg,660,438,736,628
2ed4c1e66632b105.jpg,899,0,1007,259
2ed4c1e66632b105.jpg,1162,850,1199,960
2ed4c1e66632b105.jpg,1291,281,1362,495
2ed4c1e66632b105.jpg,1530,771,1560,893
2ed4c1e66632b105.jpg,1709,820,1760,924
2ed4c1e66632b105.jpg,1978,28,2074,269
2ed4c1e66632b105.jpg,1982,836,2015,928
2ed4c1e66632b105.jpg,2054,844,2095,928
2ed4c1e66632b105.jpg,2266,387,2333,591
2ed4c1e66632b105.jpg,2270,793,2317,909
2ed4c1e66632b105.jpg,2633,877,2668,1005
2ed4c1e66632b105.jpg,2735,428,2792,654
2ed4c1e66632b105.jpg,2882,0,2970,242
7b2b72aa9fda251d.jpg,481,0,627,216
7b2b72aa9fda251d.jpg,909,1940,923,1981
7b2b72aa9fda251d.jpg,909,1694,946,1769
7b2b72aa9fda251d.jpg,937,1931,971,1972
7b2b72aa9fda251d.jpg,1383,1666,1413,1751
7b2b72aa9fda251d.jpg,1431,1666,1461,1751
7b2b72aa9fda251d.jpg,1728,1723,1767,1785
7b2b72aa9fda251d.jpg,1767,617,1867,937
7b2b72aa9fda251d.jpg,1789,1719,1819,1785
7b2b72aa9fda251d.jpg,2444,1949,2473,1967
7b2b72aa9fda251d.jpg,2539,636,2633,953
2162fd2763471e68.jpg,1142,284,1296,817
2162fd2763471e68.jpg,2216,451,2370,831
2162fd2763471e68.jpg,3197,598,3351,971
2162fd2763471e68.jpg,4555,1553,4688,1868
00231e95cab3740e.jpg,165,820,227,907
00231e95cab3740e.jpg,282,840,320,927
00231e95cab3740e.jpg,365,922,400,990
00231e95cab3740e.jpg,1410,870,1425,925
00231e95cab3740e.jpg,2040,1010,2072,1065
00231e95cab3740e.jpg,2352,780,2385,855
00231e95cab3740e.jpg,2460,795,2512,917
00231e95cab3740e.jpg,2467,957,2507,1050
00231e95cab3740e.jpg,2667,1020,2697,1082
3ebc6c05846d355e.jpg,745,974,756,1003
3ebc6c05846d355e.jpg,767,861,809,924
3ebc6c05846d355e.jpg,779,969,811,1011
3ebc6c05846d355e.jpg,1244,467,1300,604
3ebc6c05846d355e.jpg,1350,725,1389,846
7f5431f7a8f91778.jpg,111,557,214,775
7f5431f7a8f91778.jpg,134,592,239,800
7f5431f7a8f91778.jpg,1066,1068,1123,1192
7f5431f7a8f91778.jpg,1126,1040,1192,1199
71b69604c3108747.jpg,89,160,173,493
71b69604c3108747.jpg,533,193,621,430
25cc503329d9bd46.jpg,548,588,620,701
25cc503329d9bd46.jpg,690,769,770,993
25cc503329d9bd46.jpg,1500,646,1572,820
25cc503329d9bd46.jpg,1506,814,1598,873
08a0befc5c77fd0f.jpg,1140,920,1191,1034
08a0befc5c77fd0f.jpg,1399,940,1442,1046
08a0befc5c77fd0f.jpg,1634,1191,1654,1234
08a0befc5c77fd0f.jpg,1705,1201,1725,1262
08a0befc5c77fd0f.jpg,2360,0,2774,636
001679a19bb6fd3f.jpg,2,412,69,492
001679a19bb6fd3f.jpg,864,615,890,647
267b801faccb2b86.jpg,0,295,129,926
267b801faccb2b86.jpg,0,222,280,903
267b801faccb2b86.jpg,266,348,441,728
865da0dc1a4fd22f.jpg,1943,1706,1977,1792
865da0dc1a4fd22f.jpg,1956,1720,1994,1813
865da0dc1a4fd22f.jpg,2323,1693,2364,1778
865da0dc1a4fd22f.jpg,3080,1765,3108,1847
865da0dc1a4fd22f.jpg,3327,1771,3362,1847
865da0dc1a4fd22f.jpg,4832,394,5007,805
1b1e3f57e92fdb2c.jpg,1011,1729,1078,1899
1b1e3f57e92fdb2c.jpg,1594,1799,1634,1905
1b1e3f57e92fdb2c.jpg,1622,1787,1670,1917
1b1e3f57e92fdb2c.jpg,1694,1793,1746,1930
1b1e3f57e92fdb2c.jpg,2199,352,2387,851
1b1e3f57e92fdb2c.jpg,2554,1218,2642,1449
1b1e3f57e92fdb2c.jpg,3979,1227,4155,1671
1b1e3f57e92fdb2c.jpg,4191,1276,4352,1632
92fbbf2cee9c3637.jpg,652,830,714,1068
92fbbf2cee9c3637.jpg,2018,920,2066,1118
92fbbf2cee9c3637.jpg,2442,718,2500,854
92fbbf2cee9c3637.jpg,2866,1180,2890,1210
92fbbf2cee9c3637.jpg,2870,1074,2900,1176
92fbbf2cee9c3637.jpg,2912,648,2966,800
0385a127add3e440.jpg,1260,399,1385,513
0385a127add3e440.jpg,1831,417,1944,526
3caae126853221a0.jpg,1433,0,1569,409
3caae126853221a0.jpg,1467,115,1596,522
3caae126853221a0.jpg,1614,41,1815,447
